0.0,-50.462043702125605,-9.70400799765698,0.0,62.899053459340756,0.0,
-0.15329975002415522,-50.32811382465968,-9.919653473601503,0.1806490778614917,62.90912799687612,0.12672536916770719,
-0.30659950004831044,-50.19418394719376,-10.135298095771658,0.3612981557229834,62.91919570421655,0.25345073833541437,
-0.4598992767529146,-50.060250654630366,-10.350943571716181,0.5419472069040261,62.929270241751915,0.38017612084334607,
-0.6131990000966209,-49.92632077716444,-10.566589047660703,0.7225963114459668,62.93933794909235,0.5069014766708287,
-0.766498776801225,-49.79239089969852,-10.782234523605226,0.9032453626270095,62.949412486627715,0.6336268858592095,
-0.9197985535058292,-49.65846102223259,-10.99787914577538,1.0838944138080522,62.95948702416308,0.7603522416866921,
-1.0728471071028247,-49.52872488445936,-11.206766997601902,1.258882727489615,62.9692405425363,0.8831065328486851,
-1.2258956606998204,-49.398992161783596,-11.415654849428421,1.4338709344493816,62.97900089110446,1.0058608240106781,
-1.3789443210186119,-49.26925943910783,-11.624542701254942,1.6088591414091484,62.988754409477686,1.1286151151726713,
-1.5319928746156075,-49.1395233013346,-11.833430553081461,1.783847455090711,62.99850792785091,1.2513694063346643,
-1.685041428212603,-49.00979057865883,-12.042318404907983,1.9588356620504779,63.008268276419074,1.3741236974966573,
-1.8380899818095986,-48.88005785598307,-12.251206256734502,2.1338239757320405,63.0180217947923,1.4968780953804461,
-1.99113864212839,-48.75032171820983,-12.460093254786655,2.3088120759700113,63.027782143360454,1.6196323865424394,
-2.1441873024471816,-48.620588995534064,-12.668981106613176,2.483800389651574,63.03753566173368,1.7423866777044323,
-2.297235749322381,-48.4908562728583,-12.877868958439695,2.6587887033331365,63.0472891801069,1.8651409688664253,
-2.450284409641173,-48.361120135085066,-13.086756810266216,2.8337768035711077,63.057049528675066,1.9878951533066225,
-2.603333069959964,-48.2313874124093,-13.295644662092736,3.00876511725267,63.06680304704829,2.1106495511904115,
-2.7563815168351637,-48.101654689733536,-13.504532513919257,3.183753430934233,63.076563395616446,2.2334037356306085,
-2.909304672321947,-47.974018836904115,-13.710041126799592,3.3559112691442596,63.086159819506065,2.3541726812229995,
-3.0622276143651384,-47.846382984074694,-13.915550593454295,3.5280691073542862,63.09575624339569,2.474941413371799,
-3.2151505564083296,-47.71874713124527,-14.12105920633463,3.7002269455643133,63.10535266728531,2.595710145520598,
-3.368073498451521,-47.59111127841585,-14.326567819214965,3.872384570330748,63.11495592136987,2.716478877669397,
-3.5209966539383037,-47.46347542558643,-14.532078139644035,4.044542621984367,63.12455234525949,2.8372476098181965,
-3.673919595981495,-47.33584298785448,-14.73758675252437,4.2167002467508015,63.13414876914911,2.958016341966996,
-3.8268425380246867,-47.208207135025056,-14.943095365404707,4.38885829840442,63.14375202323367,3.0787850741157947,
-3.979765480067878,-47.080571282195635,-15.148603978285042,4.561015923170855,63.15334844712329,3.199554019708186,
-4.132688422111069,-46.952935429366214,-15.354114298714112,4.733173974824473,63.16294487101291,3.320322751856985,
-4.285611791041444,-46.82529957653679,-15.559622911594447,4.905331599590909,63.17254812509747,3.4410914840057845,
-4.438534733084635,-46.69766372370737,-15.765131524474782,5.077489651244527,63.18214454898709,3.561860216154584,
-4.591457675127827,-46.57002787087795,-15.970640137355119,5.249647276010962,63.19174097287671,3.6826289483033827,
-4.744380617171018,-46.44239201804853,-16.176148750235456,5.4218049007773965,63.20134422696127,3.8033978938957738,
-4.897303559214209,-46.31475958031658,-16.381659070664522,5.593962952431015,63.21094065085089,3.9241664126009814,
-5.0502265012574,-46.18712372748716,-16.58716768354486,5.76612057719745,63.22053707474051,4.0449353581933725,
-5.203149443300592,-46.05948787465774,-16.792676296425196,5.9382786288510685,63.23013349863013,4.16570387689858,
-5.356072812230966,-45.93185202182832,-16.99818490930553,6.110436253617504,63.23973675271469,4.286472822490971,
-5.508995754274157,-45.8042161689989,-17.2036952297346,6.282594305271123,63.24933317660431,4.407241341196178,
-5.661918696317349,-45.67658031616948,-17.409203842614936,6.454751930037557,63.25892960049393,4.528010286788569,
-5.81484163836054,-45.54894446334006,-17.614712455495273,6.626909981691176,63.26853285457849,4.64877923238096,
-5.967764580403732,-45.4213120256081,-17.820221068375606,6.79906760645761,63.278129278468114,4.769547751086168,
-6.120687522446923,-45.29367617277868,-18.025731388804676,6.971225658111229,63.28772570235773,4.890316696678559,
-6.2736104644901145,-45.16604031994926,-18.231240001685013,7.143383282877664,63.29732895644229,5.011085215383766,
-6.426533833420489,-45.03840446711984,-18.43674861456535,7.315540907644099,63.30692538033191,5.131854160976157,
-6.579431589119842,-44.91118867127918,-18.641582745695434,7.487133333779313,63.31649448344177,5.252225674600521,
-6.7323293448191945,-44.78397287543852,-18.846415169276785,7.658724906140159,63.3260567563567,5.372597188224886,
-6.885227100518548,-44.65675707959787,-19.051249300406873,7.830316478501005,63.33562585946656,5.492969128736434,
-7.038125283105084,-44.529541283757204,-19.256081723988224,8.00190805086185,63.34519496257643,5.613340642360799,
-7.191023038804437,-44.40232548791655,-19.460914147569575,8.173499623222696,63.35475723549135,5.733712155985164,
-7.343921221390974,-44.27510969207589,-19.66574827869966,8.34509204935791,63.36432633860122,5.854084096496712,
-7.496818550203143,-44.14789389623523,-19.870580702281014,8.516683621718757,63.37389544171108,5.974455610121076,
-7.649716732789679,-44.02067810039457,-20.0754148334111,8.688275194079603,63.383457714626005,6.094827123745441,
-7.802614915376216,-43.893462304553914,-20.28024725699245,8.859866766440447,63.393026817735866,6.215199064256989,
-7.955512244188385,-43.76624650871326,-20.485081388122538,9.031458338801293,63.40259592084573,6.335570577881354,
-8.108410426774922,-43.6390307128726,-20.68991381170389,9.203050764936508,63.41215819376065,6.455942091505718,
-8.261308609361459,-43.51181491703194,-20.894747942833973,9.374642337297354,63.421727296870515,6.576314032017266,
-8.414205938173627,-43.38459912119128,-21.099580366415324,9.5462339096582,63.43129639998038,6.696685545641631,
-8.567104120760163,-43.257383325350624,-21.304414497545412,9.717825482019046,63.4408586728953,6.817057059265996,
-8.7200023033467,-43.13016752950996,-21.509246921126763,9.889417054379892,63.45042777600517,6.937428999777544,
-8.8838211138667,-42.99386757440013,-21.728711329816683,10.07326541155919,63.46067989860895,7.06639844816885,
-9.0476399243867,-42.85756420419282,-21.948175738506606,10.257113768738487,63.47093202121274,7.195367896560156,
-9.21145958868107,-42.72126083398552,-22.167640147196526,10.440962125917784,63.481177313621586,7.324337344951462,
-9.37527839920107,-42.58495746377821,-22.387104555886445,10.62481048309708,63.491429436225374,7.453307647117136,
-9.539098063495437,-42.448657508668376,-22.606568964576365,10.808658840276378,63.50168155882916,7.5822770955084415,
-9.702916874015438,-42.31235413846107,-22.826033373266284,10.992507197455675,63.51192685123801,7.7112465438997475,
-9.866735684535438,-42.17605076825376,-23.045497781956207,11.176355554634972,63.5221789738418,7.8402159922910535,
-10.030555348829807,-42.03974739804646,-23.264960483097394,11.360203911814269,63.532431096445585,7.969186294456727,
-10.194374159349808,-41.90344744293662,-23.484424891787313,11.544052268993566,63.54268321904937,8.098155742848032,
-10.358193823644175,-41.767144072729316,-23.703889300477233,11.727900626172865,63.55292851145822,8.227125191239338,
-10.522012634164176,-41.63084070252201,-23.923353709167152,11.911748983352162,63.563180634062,8.356094639630644,
-10.685832298458543,-41.4945373323147,-24.142818117857075,12.09559648675709,63.57343275666579,8.48506408802195,
-10.849651108978543,-41.358237377204865,-24.362282526546995,12.279444843936387,63.583684879269576,8.614034390187625,
-11.013469919498544,-41.22193400699756,-24.581746935236914,12.463293201115684,63.59393017167842,8.74300383857893,
-11.215218510064833,-41.09462941862269,-24.78672279291199,12.635005155662336,63.603506104983225,8.863459448978483,
-11.416966246856754,-40.967324830247826,-24.991700358135798,12.806717110208986,63.61308203828803,8.983915059378038,
-11.618713983648675,-40.840020241872956,-25.196676215810875,12.978429064755636,63.622651141397895,9.10437152355196,
-11.820461720440596,-40.71271565349809,-25.401653781034685,13.150141019302286,63.6322270747027,9.224827133951512,
-12.022209457232517,-40.58541106512322,-25.606629638709762,13.321852973848936,63.6418030080075,9.345282744351067,
-12.223957194024438,-40.45810647674835,-25.811605496384836,13.493564074621219,63.65137211111736,9.465739208524989,
-12.425705784590726,-40.33079847327601,-26.016583061608646,13.665276029167869,63.66094804442216,9.586194818924541,
-12.627453521382646,-40.20349388490114,-26.221558919283723,13.836987983714518,63.670523977726965,9.706650429324096,
-12.829201258174567,-40.07618929652627,-26.426536484507533,14.008699938261168,63.68009308083683,9.827106893498017,
-13.03094899496649,-39.948884708151404,-26.631512342182607,14.180411892807818,63.689669014141636,9.94756250389757,
-13.232696731758411,-39.82158011977654,-26.836489907406417,14.352122993580101,63.69924494744644,10.068018114297125,
-13.434444468550332,-39.69427553140167,-27.041465765081494,14.523835801901118,63.7088140505563,10.188474578471046,
-13.636192205342253,-39.5669709430268,-27.246443330305304,14.695546902673401,63.7183899838611,10.3089301888706,
-13.83794079590854,-39.43966635465193,-27.451419187980378,14.867259710994418,63.7279659171659,10.429385799270154,
-14.039688532700461,-39.312361766277064,-27.656395045655454,15.038970811766701,63.73753502027577,10.549842263444075,
-14.241436269492382,-39.185057177902195,-27.861372610879265,15.210683620087718,63.747110953580574,10.670297873843628,
-14.443184860058672,-39.057752589527325,-28.066348468554338,15.38239472086,63.756686886885376,10.790753484243183,
-14.644931743076224,-38.93044800115246,-28.27132603377815,15.554105821632284,63.76625598999524,10.911209948417104,
-14.846680333642514,-38.803143412777594,-28.476301891453225,15.7258186299533,63.77583192330004,11.031665558816657,
-15.048427216660066,-38.675838824402724,-28.681279456677036,15.897529730725584,63.78540785660484,11.152121169216212,
-15.250175807226356,-38.548534236027855,-28.886257021900846,16.069242539046602,63.79497695971471,11.272577633390132,
-15.451922690243908,-38.421229647652986,-29.091231172027186,16.240953639818883,63.80455289301951,11.393033243789686,
-15.653671280810197,-38.293925059278116,-29.296208737250996,16.412666448139902,63.814128826324314,11.51348885418924,
-15.855419871376485,-38.16662047090325,-29.501186302474807,16.584377548912183,63.823697929434175,11.63394531836316,
-16.05716675439404,-38.039315882528385,-29.706160452601146,16.756088649684465,63.83327386273898,11.754400928762715,
-16.25891534496033,-37.912011294153515,-29.911138017824957,16.927801458005483,63.84284979604378,11.874856539162268,
-16.46066222797788,-37.784706705778646,-30.116115583048767,17.099512558777764,63.85241889915365,11.99531300333619,
-16.66241081854417,-37.65740211740378,-30.321093148272578,17.271225367098783,63.86199483245845,12.115768613735744,
-16.864157701561723,-37.53009752902891,-30.526067298398917,17.442936467871068,63.87157076576325,12.236224224135297,
-17.065906292128012,-37.40278952555657,-30.731044863622728,17.614649276192083,63.88113986887311,12.356680688309218,
-17.2676548826943,-37.2754849371817,-30.936022428846538,17.786360376964367,63.890715802177915,12.477136298708773,
-17.469401765711854,-37.14818034880683,-31.14099999407035,17.95807147773665,63.900284905287776,12.597592762882694,
-17.671150356278144,-37.02087576043196,-31.34597414419669,18.129784286057667,63.90986083859258,12.718048373282247,
-17.872897239295696,-36.8935711720571,-31.5509517094205,18.30149538682995,63.91943677189739,12.838503983681802,
-18.074645829861986,-36.76626658368223,-31.75592927464431,18.473208195150967,63.92900587500725,12.958960447855723,
-18.27639442042827,-36.63896199530736,-31.96090342477065,18.64491929592325,63.93858180831205,13.079416058255276,
-18.582329097048866,-36.53985586673911,-32.12047726913592,18.77859645617642,63.946033550990755,13.173189512124722,
-18.88826548121819,-36.44074973817086,-32.28005111350119,18.912271908880857,63.95349212386439,13.266963819768534,
-19.19420186538752,-36.34164702470008,-32.43962154276898,19.045947361585295,63.9609438665431,13.36073727363798,
-19.500138249556848,-36.24254089613183,-32.59919538713425,19.179624521838466,63.968395609221794,13.454511581281794,
-19.80607292617744,-36.143434767563576,-32.75876923149952,19.3132999745429,63.9758473519005,13.548285888925607,
-20.112009310346767,-36.044328638995324,-32.918339660767316,19.44697713479607,63.9832990945792,13.642059342795053,
-20.417945694516096,-35.94522251042707,-33.077913505132585,19.58065258750051,63.9907508372579,13.735833650438865,
-20.723880371136687,-35.84611638185883,-33.237487349497854,19.71432974775368,63.998209410131544,13.82960710430831,
-21.029816755306015,-35.747010253290576,-33.39705777876565,19.84800520045812,64.00566115281025,13.923381411952123,
-21.33575313947534,-35.64790753981979,-33.55663162313092,19.98168236071129,64.01311289548894,14.017154865821569,
-21.64168952364467,-35.548801411251546,-33.71620205239872,20.115357813415724,64.02056463816764,14.110929173465383,
-21.947624200265263,-35.449695282683294,-33.87577589676399,20.2490349736689,64.02801638084635,14.204702627334827,
-22.253560584434588,-35.35058915411504,-34.03534974112925,20.382710426373333,64.03547495371998,14.298476934978641,
-22.559496968603916,-35.25148302554679,-34.194920170397054,20.516387586626504,64.0429266963987,14.392250388848087,
-22.865433352773245,-35.15237689697854,-34.354494014762324,20.65006303933094,64.05037843907739,14.486023842717533,
-23.171368029393836,-35.05327076841029,-34.51406785912759,20.78373849203538,64.0578301817561,14.579799004135712,
-23.477304413563164,-34.95416463984204,-34.67363828839539,20.91741565228855,64.0652819244348,14.673572458005157,
-23.78324079773249,-34.855061926371256,-34.83321213276066,21.051091104992985,64.0727336671135,14.767345911874603,
-24.089177181901817,-34.755955797803004,-34.99278256202845,21.184768265246156,64.08019223998714,14.861121073292784,
-24.395111858522412,-34.65684966923476,-35.15235640639372,21.318443717950593,64.08764398266584,14.95489452716223,
-24.701048242691737,-34.55774354066651,-35.31193025075899,21.452120878203765,64.09509572534455,15.048667981031675,
-25.006984626861065,-34.458637412098255,-35.471500680026786,21.585796330908202,64.10254746802325,15.14244143490112,
-25.312921011030394,-34.35953128353,-35.631074524392055,21.719473491161374,64.10999921070194,15.2362165963193,
-25.618855687650985,-34.26042515496175,-35.790648368757324,21.85314894386581,64.11745778357559,15.329990050188746,
-25.924792071820313,-34.16131902639351,-35.950218798025126,21.986826104118983,64.12490952625429,15.423763504058192,
-26.23072845598964,-34.06221631292272,-36.10979264239039,22.120501556823417,64.132361268933,15.517536957927637,
-26.58292575048238,-33.969639850716376,-36.258851401646716,22.24537118070245,64.13932123757607,15.605134208023282,
-26.93512133742639,-33.87706338851003,-36.407910160903036,22.37024080458148,64.14628120621914,15.692729750570193,
-27.287318631919135,-33.784486926303686,-36.55697233525682,22.49510872091178,64.15324800505716,15.780325293117103,
-27.63951421886314,-33.69191046409734,-36.70603109451314,22.619978344790812,64.16020797370024,15.867920835664014,
-27.991711513355884,-33.599334001890995,-36.855089853769464,22.744847968669845,64.16716794234331,15.955516378210925,
-28.343908807848628,-33.50675753968465,-37.004148613025784,22.869717592548877,64.17413474118133,16.04311362830657,
-28.696104394792638,-33.414181077478304,-37.15321078737958,22.99458721642791,64.18109470982441,16.130709170853482,
-29.048299981736644,-33.32160461527196,-37.3022695466359,23.119456840306942,64.18805467846748,16.218304713400393,
-29.400498983778125,-33.22902815306561,-37.45132830589222,23.244324756637237,64.1950214773055,16.3059002559473,
-29.75269457072213,-33.13645169085927,-37.60038706514854,23.36919438051627,64.20198144594858,16.39349579849421,
-30.10489015766614,-33.04387522865292,-37.74944923950233,23.4940640043953,64.20894141459165,16.48109134104112,
-30.457089159707618,-32.95129876644658,-37.89850799875865,23.618933628274334,64.21590138323474,16.56868859113677,
-30.809284746651624,-32.85872230424024,-38.04756675801497,23.743803252153366,64.22286818207274,16.65628413368368,
-31.161480333595634,-32.76614584203389,-38.19662551727129,23.8686728760324,64.22982815071583,16.743879676230588,
-31.51367933563711,-32.67356937982755,-38.345684276527614,23.993540792362698,64.2367881193589,16.8314752187775,
-31.86587492258112,-32.5809929176212,-38.49474645088141,24.11841041624173,64.24375491819691,16.91907076132441,
-32.21807050952513,-32.48841645541486,-38.64380521013773,24.243280040120762,64.25071488684,17.006668011420057,
-32.57026951156661,-32.39583999320851,-38.79286396939405,24.368149663999795,64.25767485548307,17.094263553966968,
-32.922465098510614,-32.303263531002166,-38.94192272865037,24.493019287878827,64.26463482412615,17.181859096513875,
-33.27466068545462,-32.21068706879582,-39.09098490300416,24.617887204209122,64.27160162296417,17.269454639060786,
-33.62685627239863,-32.118110606589475,-39.24004366226048,24.742756828088154,64.27856159160724,17.357050181607697,
-33.97905527444011,-32.02553414438313,-39.3891024215168,24.867626451967187,64.28552156025032,17.444647431703345,
-34.33125086138411,-31.932957682176784,-39.53816118077312,24.99249607584622,64.29248835908834,17.532242974250256,
-34.68344644832813,-31.84038121997044,-39.68722335512691,25.11736569972525,64.29944832773141,17.619838516797163,
-35.0356454503696,-31.747804757764094,-39.83628211438323,25.242235323604284,64.30640829637449,17.707434059344074,
-35.38784103731361,-31.655228295557748,-39.98534087363956,25.367103239934583,64.31336826501757,17.795029601890985,
-35.74003662425762,-31.562651833351403,-40.13439963289588,25.491972863813615,64.32033506385558,17.882625144437895,
-36.0922356262991,-31.470075371145057,-40.283461807249665,25.616842487692647,64.32729503249867,17.970222394533543,
-36.44443121324311,-31.377502324036183,-40.432520566505985,25.74171211157168,64.33425500114174,18.05781793708045,
-36.79662680018711,-31.284925861829837,-40.581579325762306,25.866581735450712,64.34122179997975,18.14541347962736,
-37.191354011017715,-31.205463373906817,-40.70951912226653,25.973757739339664,64.34719822055158,18.22059855796969,
-37.58607780675085,-31.126004301081263,-40.83745891877074,26.080935450777353,64.35316781092847,18.295781928763283,
-37.98080501758145,-31.046545228255713,-40.96539871527496,26.188111454666306,64.3591442315003,18.37096700710561,
-38.375532228412055,-30.967086155430163,-41.09333851177917,26.29528916610399,64.36512065207212,18.446152085447935,
-38.77025602414519,-30.887627082604613,-41.221278308283395,26.402465169992944,64.37109707264395,18.52133716379026,
-39.16498323497579,-30.80816800977906,-41.34921810478761,26.509642881430633,64.37707349321578,18.596520534583853,
-39.55970703070893,-30.72870893695351,-41.477157901291825,26.616818885319585,64.3830499137876,18.67170561292618,
-39.95443424153953,-30.64924986412796,-41.60509769779604,26.723996596757274,64.38902633435944,18.746890691268508,
-40.349158037272666,-30.56979079130241,-41.73303749430026,26.831172600646227,64.39499592473632,18.8220740620621,
-40.74388524810327,-30.490331718476856,-41.86097729080448,26.938350312083912,64.40097234530815,18.897259140404426,
-41.13861245893387,-30.410869230553836,-41.988913672211226,27.045526315972864,64.40694876587997,18.97244421874675,
-41.533336254667006,-30.331410157728286,-42.11685346871544,27.152704027410554,64.4129251864518,19.047629297089077,
-41.92806346549761,-30.251951084902736,-42.244793265219656,27.259880031299506,64.41890160702364,19.12281266788267,
-42.322787261230744,-30.172492012077186,-42.37273306172388,27.367057742737195,64.42487802759547,19.197997746225,
-42.717514472061346,-30.093032939251632,-42.50067285822809,27.474233746626147,64.4308544481673,19.273182824567325,
-43.11223826779448,-30.013573866426082,-42.62861265473231,27.581411458063833,64.43683086873912,19.348366195360917,
-43.506965478625084,-29.934114793600532,-42.75655245123652,27.688587461952785,64.442800459116,19.423551273703243,
-43.90168927435822,-29.854655720774982,-42.884492247740745,27.795765173390475,64.44877687968784,19.49873635204557,
-44.29641648518882,-29.77519664794943,-43.01243204424496,27.902941177279427,64.45475330025967,19.573921430387898,
-44.691143696019424,-29.69573757512388,-43.140371840749175,28.010118888717116,64.4607297208315,19.649104801181487,
-45.10664152966023,-29.61209500789805,-43.275046209463476,28.122936633625873,64.46702033037052,19.728246269942364,
-45.52214277839851,-29.52845244067222,-43.4097171630803,28.23575437853463,64.47331093990955,19.807389446251978,
-45.937644027136784,-29.44481328854386,-43.5443915317946,28.34857212344339,64.47960154944859,19.88653091501285,
-46.353145275875065,-29.36117072131803,-43.6790659005089,28.461389868352146,64.48589215898762,19.96567238377373,
-46.76864652461334,-29.2775281540922,-43.8137402692232,28.574207613260906,64.49218276852665,20.044813852534606,
-47.18414777335161,-29.193885586866365,-43.94841122284003,28.68702365062093,64.49847337806568,20.123955321295483,
-47.59964902208989,-29.110246434738006,-44.08308559155433,28.799841395529686,64.50476398760472,20.20309679005636,
-48.0151468557307,-29.026603867512176,-44.21775996026863,28.912659140438446,64.5110477669488,20.282238258817237,
-48.43064810446897,-28.942961300286346,-44.35243091388546,29.025476885347203,64.51733837648784,20.361379727578115,
-48.84614935320725,-28.859322148157986,-44.48710528259976,29.13829463025596,64.52362898602688,20.440522903887725,
-49.261650601945526,-28.775679580932156,-44.62177965131406,29.25111237516472,64.5299195955659,20.519664372648602,
-49.6771518506838,-28.692037013706326,-44.75645060493089,29.363930120073476,64.53621020510494,20.59880584140948,
-50.09265309942208,-28.60839615402923,-44.89112497364519,29.476747864982237,64.54250081464397,20.677947310170353,
-50.50815434816035,-28.524755294352133,-45.025799342359484,29.589565609890993,64.54879142418301,20.75708877893123,
-50.92365218180116,-28.44111443467504,-45.16047029597632,29.70238335479975,64.55508203372203,20.836230247692107,
-51.33915343053944,-28.357471867449206,-45.29514466469062,29.81520109970851,64.56137264326107,20.915371716452984,
-51.754654679277714,-28.273831007772113,-45.42981903340492,29.928018844617267,64.5676632528001,20.99451318521386,
-52.170155928015994,-28.190188440546283,-45.564489987021744,30.040836589526027,64.57395386233914,21.073656361523472,
-52.58565717675427,-28.106547580869186,-45.699164355736045,30.153654334434783,64.58024447187816,21.15279783028435,
-53.10793486297755,-28.04435353330128,-45.799305258837585,30.237542788678425,64.5849163252166,21.211645082332033,
-53.63020913410337,-27.98215948573337,-45.89944616193913,30.321431242922067,64.58959500874997,21.270492334379718,
-54.15248682032665,-27.919965438165463,-45.999583649943204,30.405319697165712,64.59427369228335,21.32934129397614,
-54.674764506549934,-27.85777309814629,-46.09972455304475,30.489211566506825,64.59895237581672,21.388188546023823,
-55.19703877767575,-27.79557905057838,-46.1998654561463,30.573100020750466,64.60362422915516,21.44703750562024,
-55.719316463899034,-27.733385003010472,-46.30000294415037,30.656988474994108,64.60830291268853,21.50588475766793,
-56.24159073502485,-27.671190955442565,-46.40014384725191,30.74087692923775,64.6129815962219,21.564732009715613,
-56.763868421248134,-27.608996907874655,-46.50028475035346,30.824765383481395,64.61766027975527,21.62358096931203,
-57.28614610747142,-27.546802860306748,-46.600425653455005,30.908653837725037,64.6223321330937,21.682428221359714,
-57.80842037859723,-27.484608812738838,-46.70056314145908,30.99254229196868,64.62701081662708,21.741277180956136,
-58.33069806482052,-27.42241476517093,-46.80070404456062,31.07643074621232,64.63168950016046,21.80012443300382,
-58.8529757510438,-27.360220717603024,-46.900844947662165,31.160319200455966,64.63636818369383,21.858971685051504,
-59.375253437267084,-27.29802837758385,-47.00098243566624,31.244207654699608,64.6410468672272,21.917820644647925,
-59.89753112349037,-27.23583433001594,-47.101123338767785,31.32809610894325,64.64571872056564,21.97666789669561,
-60.41980197951871,-27.173640282448034,-47.20126424186933,31.41198456318689,64.65039740409901,22.035515148743293,
-60.94207966574199,-27.111446234880123,-47.30140514497087,31.495873017430533,64.65507608763238,22.094364108339715,
-61.464357351965276,-27.049252187312216,-47.401542632974945,31.57976147167418,64.65975477116577,22.1532113603874,
-61.98663503818857,-26.98705813974431,-47.50168353607649,31.66364992591782,64.66442662450419,22.212060319983816,
-62.50891272441185,-26.9248640921764,-47.60182443917804,31.747538380161462,64.66910530803757,22.2709075720315,
-63.03118358044019,-26.862670044608493,-47.70196192718211,31.831426834405104,64.67378399157094,22.32975482407919,
-63.553461266663476,-26.800475997040582,-47.80210283028365,31.91531528864875,64.67846267510431,22.388603783675606,
-64.07573895288677,-26.73828365702141,-47.9022437333852,31.99920715798986,64.68313452844275,22.44745103572329,
-64.59801663911004,-26.676089609453502,-48.002384636486745,32.0830956122335,64.68781321197612,22.506298287770974,
-65.12029432533333,-26.613895561885595,-48.10252212449082,32.16698406647715,64.69249189550949,22.565147247367396,
-65.64257201155661,-26.551701514317685,-48.202663027592365,32.25087252072079,64.69717057904288,22.62399449941508,
-66.16484286758495,-26.489507466749778,-48.302803930693905,32.33476097496443,64.70184926257625,22.6828434590115,
-66.68712055380824,-26.427313419181868,-48.40294141869798,32.418649429208074,64.70652111591468,22.741690711059185,
-67.20939824003153,-26.36511937161396,-48.503082321799525,32.502537883451716,64.71119979944805,22.80053796310687,
-67.60217543020698,-26.4503175157372,-48.36590468664,32.38761985359914,64.70479307659505,22.71992458733659,
-67.99495945057737,-26.535513952311707,-48.22872705148047,32.27270523884404,64.69838635374205,22.63931121156631,
-68.38773664075282,-26.620712096434946,-48.09154600122347,32.15778720899147,64.69197963088905,22.55869612824729,
-68.78052066112322,-26.705910240558186,-47.954368366063946,32.042872594236364,64.68557290803605,22.47808275247701,
-69.17329785129867,-26.791106677132692,-47.817190730904414,31.927954564383796,64.67916618518305,22.39746937670673,
-69.56607504147412,-26.876304821255932,-47.68000968064742,31.813039949628692,64.67275946233006,22.316854293387713,
-69.9588590618445,-26.961502965379175,-47.54283204548789,31.69812191977612,64.66635273947706,22.236240917617433,
-70.35163625201997,-27.046699401953678,-47.40565441032837,31.58320388992355,64.65994601662406,22.155627541847153,
-70.74442027239036,-27.131897546076917,-47.26847336007137,31.46828927516845,64.65353929377106,22.075012458528136,
-71.13719746256581,-27.217093982651424,-47.13129572491184,31.353371245315877,64.64713257091806,21.994399082757855,
-71.52997465274126,-27.302292126774663,-46.99411808975231,31.238456630560773,64.64072584806506,21.913785706987575,
-71.92275867311166,-27.387490270897906,-46.85694045459279,31.1235386007082,64.63431912521206,21.833170623668558,
-72.31553586328711,-27.47268670747241,-46.71975940433579,31.0086239859531,64.62790557216412,21.752557247898277,
-72.7083198836575,-27.557884851595652,-46.58258176917626,30.89370595610053,64.62149884931112,21.67194216457926,
-73.10109707383296,-27.643081288170155,-46.445404134016734,30.778787926247958,64.61509212645812,21.59132878880898,
-73.49387426400841,-27.728279432293398,-46.308223083759735,30.663873311492853,64.60868540360512,21.5107154130387,
-73.8866582843788,-27.813477576416638,-46.17104544860021,30.548955281640282,64.60227868075212,21.430100329719682,
-74.27943547455425,-27.898674012991144,-46.03386781344068,30.43404066688518,64.59587195789912,21.349486953949402,
-74.37701846965105,-28.039919029236984,-45.80644622764655,30.243526039445193,64.58525100476862,21.215840529573455,
-74.47460146474785,-28.181164045482824,-45.57902122675496,30.053011412005205,64.57463005163811,21.082195812746246,
-74.57218445984466,-28.322409061728663,-45.351599640960835,29.86249678456522,64.56400909850761,20.948549388370303,
-74.66976745494146,-28.463654077974503,-45.12417805516671,29.671982157125232,64.5533881453771,20.814902963994356,
-74.76735045003826,-28.604899094220343,-44.89675646937258,29.481467529685244,64.5427671922466,20.681256539618413,
-74.86493344513507,-28.746142402917446,-44.66933488357846,29.290952902245255,64.53213940892115,20.547610115242467,
-74.96251644023187,-28.88738741916329,-44.44191329778433,29.10043827480527,64.52151845579066,20.413965398415257,
-75.06009943532867,-29.02863243540913,-44.214491711990206,28.909923647365282,64.51089750266014,20.28031897403931,
-75.15768243042547,-29.16987745165497,-43.98707012619608,28.719409019925294,64.50027654952964,20.146672549663368,
-75.25526542552227,-29.31112246790081,-43.759648540401955,28.52889439248531,64.48965559639913,20.01302612528742,
-75.35284842061907,-29.45236748414665,-43.53222353951036,28.33837976504532,64.47903464326863,19.87937970091148,
-75.45043141571587,-29.59361250039249,-43.304801953716236,28.147865137605333,64.46840685994319,19.74573498408427,
-75.54801441081268,-29.73485751663833,-43.07738036792211,27.957350510165345,64.45778590681267,19.612088559708322,
-75.64559740590948,-29.87610253288417,-42.849958782127985,27.76683588272536,64.44716495368218,19.47844213533238,
-75.74318040100628,-30.017347549130008,-42.62253719633386,27.57632125528537,64.43654400055168,19.344795710956433,
-75.84076339610309,-30.158592565375848,-42.39511561053974,27.385806627845383,64.42592304742116,19.211150994129223,
-75.93834639119989,-30.299837581621688,-42.167694024745614,27.1952920004054,64.41530209429067,19.077504569753277,
-76.03592938629669,-30.441082597867528,-41.94027243895149,27.00477737296541,64.40468114116015,18.943858145377334,
-76.13351238139349,-30.582327614113368,-41.71285085315736,26.814262745525422,64.39405335783471,18.810211721001387,
-76.23109537649029,-30.723572630359207,-41.48542585226576,26.623748118085434,64.38343240470421,18.676565296625444,
-76.32867837158709,-30.864817646605047,-41.258004266471644,26.43323349064545,64.3728114515737,18.542920579798235,
-76.42626136668389,-31.006062662850887,-41.03058268067752,26.24271886320546,64.3621904984432,18.40927415542229,
-76.5238443617807,-31.147307679096727,-40.80316109488339,26.052204235765473,64.35156954531269,18.275627731046345,
-76.6214273568775,-31.288552695342567,-40.57573950908927,25.861689608325488,64.34094859218219,18.1419813066704,
-76.7190103519743,-31.429797711588407,-40.34831792329514,25.6711749808855,64.33032763905167,18.00833658984319,
-76.8165933470711,-31.57103931273678,-40.120896337501016,25.48066035344551,64.31969985572624,17.874690165467243,
-76.9141763421679,-31.71228432898262,-39.89347475170689,25.290145726005527,64.30907890259573,17.7410437410913,
-77.0117593372647,-31.85352934522846,-39.666053165912764,25.09963109856554,64.29845794946523,17.607397316715353,
-77.1093423323615,-31.9947743614743,-39.43862816502117,24.90911647112555,64.28783699633472,17.47375089233941,
-77.20692532745831,-32.13601937772014,-39.211206579227046,24.718601843685562,64.27721604320422,17.3401061755122,
-77.30450832255511,-32.27726439396598,-38.98378499343292,24.528087216245577,64.26659509007371,17.206459751136254,
-77.40209131765191,-32.41850941021182,-38.756363407638794,24.33757258880559,64.25597413694321,17.07281332676031,
-77.49967431274872,-32.55975442645766,-38.52894182184467,24.1470579613656,64.24534635361776,16.939166902384365,
-77.59725730784552,-32.7009994427035,-38.30152023605054,23.956543333925616,64.23472540048725,16.805520478008418,
-77.65961015744577,-32.85034848524474,-38.06104956282502,23.755096979485387,64.22349656000716,16.664207159813188,
-77.72196300704601,-32.999697527785976,-37.82057547450202,23.553650625045158,64.21226088933213,16.52289213406922,
-77.78431585664626,-33.14904998542468,-37.58010480127649,23.3522025630562,64.20103204885203,16.381577108325253,
-77.8466687062465,-33.29839902796592,-37.33963412805097,23.15075620861597,64.18980320837193,16.240262082581285,
-77.90902155584675,-33.44774807050716,-37.09916003972797,22.94930985417574,64.17856753769689,16.098947056837318,
-77.971374405447,-33.5970971130484,-36.85868936650244,22.747863499735516,64.16733869721679,15.957632031093352,
-78.03372725504724,-33.74644615558964,-36.618218693276916,22.546417145295287,64.1561098567367,15.816317005349385,
-78.09608693484242,-33.895798613228344,-36.37774460495392,22.34497079085506,64.14487418606166,15.675001979605417,
-78.15843978444266,-34.04514765576958,-36.13727393172839,22.1435227288661,64.13364534558157,15.53368695386145,
-78.22079263404291,-34.19449669831082,-35.896803258502864,21.94207637442587,64.12240967490654,15.392373635666218,
-78.28314548364315,-34.34384574085206,-35.656329170179866,21.740630019985645,64.11118083442643,15.25105860992225,
-78.3454983332434,-34.4931947833933,-35.415858496954336,21.539183665545416,64.09995199394633,15.109743584178284,
-78.40785118284364,-34.642547241032005,-35.17538782372881,21.337737311105187,64.0887163232713,14.968428558434317,
-78.47020403244389,-34.791896283573244,-34.93491715050328,21.13629095666496,64.0774874827912,14.82711353269035,
-78.53255688204413,-34.94124532611448,-34.69444306218029,20.934844602224732,64.06625864231111,14.685798506946382,
-78.59490973164438,-35.09059436865572,-34.45397238895476,20.73339654023577,64.05502297163608,14.544483481202414,
-78.65726258124462,-35.23994341119696,-34.21350171572924,20.531950185795544,64.04379413115598,14.403168455458449,
-78.71962226103982,-35.3892924537382,-33.97302762740624,20.330503831355315,64.03255846048094,14.261854283488848,
-78.78197511064006,-35.538644911376906,-33.73255695418071,20.12905747691509,64.02132962000084,14.12053925774488,
-78.8443279602403,-35.687993953918145,-33.492086280955185,19.92761112247486,64.01010077952074,13.979224232000913,
-78.90668080984055,-35.837342996459384,-33.25161219263219,19.726164768034636,63.998865108845706,13.837909206256947,
-78.9690336594408,-35.98669203900062,-33.01114151940666,19.524718413594407,63.98763626836561,13.696595034287347,
-79.03138650904104,-36.13604108154186,-32.77067084618113,19.323270351605444,63.97640059769058,13.555280008543379,
-79.09373935864129,-36.28539353918057,-32.530196757858135,19.12182399716522,63.96517175721048,13.413964982799413,
-79.15609220824153,-36.43474258172181,-32.289726084632605,18.92037764272499,63.953942916730384,13.272649957055446,
-79.21844505784178,-36.584091624263046,-32.04925541140708,18.71893128828476,63.94270724605535,13.131334931311478,
-79.28079790744202,-36.733440666804285,-31.808781323084084,18.517484933844536,63.93147840557525,12.990020759341878,
-79.3431575872372,-36.88278970934552,-31.568310649858557,18.316038579404307,63.920249565095155,12.848705733597912,
-79.40551043683745,-37.032138751886755,-31.32783997663303,18.11459222496408,63.90901389442012,12.707390707853945,
-79.46786328643769,-37.18149120952547,-31.087369303407502,17.91314416297512,63.89778505394002,12.566075682109977,
-79.53021613603794,-37.33084025206671,-30.846895215084505,17.71169780853489,63.886549383264985,12.42476065636601,
-79.59256898563818,-37.480189294607946,-30.606424541858978,17.510251454094664,63.87532054278489,12.28344648439641,
-79.65492183523844,-37.62953833714918,-30.36595386863345,17.308805099654435,63.86409170230479,12.142131458652443,
-79.71727468483869,-37.77888737969042,-30.125479780310453,17.10735874521421,63.852856031629756,12.000816432908476,
-79.77962753443893,-37.92823983732913,-29.885009107084926,16.90591239077398,63.841627191149655,11.859501407164508,
-79.84198038403918,-38.07758887987037,-29.6445384338594,16.704466036333752,63.83039152047462,11.71818723519491,
-79.90433323363942,-38.2269379224116,-29.4040643455364,16.50301797434479,63.81916267999453,11.576872209450942,
-79.96668608323967,-38.37628696495284,-29.163593672310874,16.301571619904564,63.807933839514426,11.435557183706974,
-80.02904576303484,-38.52563600749408,-28.923122999085347,16.100125265464335,63.79669816883939,11.294242157963007,
-80.09139861263509,-38.67498846513279,-28.68264891076235,15.89867891102411,63.7854693283593,11.152927132219041,
-80.15375146223533,-38.82433750767403,-28.442178237536822,15.69723255658388,63.7742404878792,11.01161296024944,
-80.21610431183558,-38.97368655021526,-28.201707564311295,15.495786202143654,63.76300481720416,10.870297934505473,
-80.27845716143582,-39.1230355927565,-27.961235183537035,15.294339847703426,63.75177597672407,10.728982908761507,
-80.34081001103607,-39.27238463529774,-27.72076280276277,15.092891785714464,63.74054030604903,10.58766788301754,
-80.40316286063631,-39.42173367783898,-27.480292129537244,14.891445431274237,63.729311465568934,10.446352857273572,
-80.46551571023656,-39.571086135477685,-27.239819748762983,14.68999907683401,63.71808262508884,10.305038685303971,
-80.5278685598368,-39.720435178018924,-26.999347367988722,14.488552722393782,63.7068469544138,10.163723659560006,
-80.59022140943705,-39.86978422056016,-26.758876694763195,14.287106367953555,63.695618113933705,10.022408633816038,
-80.65258108923224,-40.0191332631014,-26.51840431398893,14.08565915973896,63.68438244325867,9.88109360807207,
-80.71493393883249,-40.16848230564264,-26.277933640763404,13.884212805298732,63.67315360277857,9.739778582328103,
-80.77728678843273,-40.31783476328135,-26.037461259989144,13.682766450858505,63.661924762298476,9.598464410358504,
-80.83963963803298,-40.467183805822586,-25.79698887921488,13.48131924264391,63.65068909162344,9.457149384614537,
-80.90199248763322,-40.616532848363825,-25.556518205989352,13.279872888203682,63.63946025114334,9.31583435887057,
-80.96434533723347,-40.765881890905064,-25.31604582521509,13.078426533763455,63.62823141066325,9.174519333126602,
-81.01734081976696,-40.91738585994963,-25.07210712050917,12.87407563892532,63.616831815309666,9.031168055516376,
-81.07033630230046,-41.06888641389673,-24.82817012335198,12.669725597861552,63.60543905015103,8.887815924131784,
-81.12333178483395,-41.22039038294129,-24.58423141864606,12.465375556797783,63.59404628499239,8.74446379274719,
-81.17632726736745,-41.37189093688839,-24.340292713940137,12.261024661959647,63.582653519833755,8.601112515136965,
-81.22932274990096,-41.52339490593295,-24.096355716782952,12.05667462089588,63.571260754675116,8.457760383752372,
-81.28231823243445,-41.67489887497752,-23.85241701207703,11.852323726057744,63.559867989516476,8.31440825236778,
-81.33531371496795,-41.82639942892462,-23.60848001491984,11.647973684993975,63.54847522435784,8.171056120983186,
-81.38830919750144,-41.977903397969186,-23.36454131021392,11.44362279015584,63.5370824591992,8.02770484337296,
-81.44130468003495,-42.12940395191628,-23.120602605507997,11.239272749092072,63.52568969404056,7.884352711988368,
-81.49430016256845,-42.28090792096084,-22.87666560835081,11.034922708028303,63.514296928881926,7.741000580603775,
-81.54729564510194,-42.432408474907945,-22.632726903644887,10.830571813190168,63.50290416372329,7.597649302993549,
-81.60029112763544,-42.58391244395251,-22.388788198938965,10.6262217721264,63.49151139856465,7.454297171608957,
-81.65328661016893,-42.735416412997075,-22.14485120178178,10.421870877288264,63.48011180321107,7.310945040224364,
-81.70628209270244,-42.88691696694417,-21.900912497075858,10.217520836224496,63.46871903805243,7.167593762614138,
-81.75927757523593,-43.03842093598873,-21.656973792369936,10.01316994138636,63.457326272893795,7.024241631229545,
-81.81227988796437,-43.189921489935834,-21.413036795212747,9.808819900322591,63.445933507735155,6.880889499844952,
-81.86527537049787,-43.341425458980396,-21.169098090506825,9.604469005484455,63.434540742576516,6.737537795347543,
-81.91827085303137,-43.492929428024965,-20.925159385800903,9.400118964420688,63.42314797741788,6.594186090850133,
-81.97126633556486,-43.64442998197206,-20.681222388643715,9.195768923356919,63.41175521225924,6.45083395946554,
-82.02426181809837,-43.79593395101663,-20.437283683937792,8.991418028518783,63.4003624471006,6.307482254968131,
-82.07725730063186,-43.947434504963724,-20.193346686780608,8.787067987455016,63.388969681941965,6.164130550470722,
-82.13025278316536,-44.098938474008285,-19.949407982074685,8.58271709261688,63.377576916783326,6.020778419086128,
-82.18324826569886,-44.25043902795539,-19.705469277368763,8.378367051553111,63.36618415162469,5.87742671458872,
-82.23624374823235,-44.40194299699995,-19.461532280211575,8.174016156714975,63.354784556271106,5.734074583204126,
-82.28923923076586,-44.55344696604452,-19.217593575505653,7.969666115651208,63.34339179111247,5.590722878706718,
-82.34223471329935,-44.70494751999161,-18.97365487079973,7.76531607458744,63.331999025953834,5.447371174209308,
-82.39523019583285,-44.856451489036175,-18.729717873642542,7.560965179749304,63.320606260795195,5.304019042824715,
-82.44822567836634,-45.00795204298328,-18.48577916893662,7.356615138685536,63.309213495636556,5.160667338327306,
-82.50122116089985,-45.15945601202784,-18.241840464230698,7.1522642438474,63.297820730477916,5.017315206942713,
-82.55421664343335,-45.310956565974934,-17.997903467073513,6.947914202783632,63.28642796531928,4.873963502445304,
-82.60721212596684,-45.4624605350195,-17.75396476236759,6.74356373483268,63.27503520016064,4.730611797947894,
-82.66020760850034,-45.61396450406407,-17.510027765210403,6.5392132668817275,63.263642435002,4.587259666563301,
-82.71491063976865,-45.77035206249018,-17.258220675934485,6.32827080704005,63.25188083931664,4.439283493204848,
-82.7696205012319,-45.92674303601377,-17.00641358665857,6.117328347198372,63.24011924363129,4.29130774673358,
-82.8243235325002,-46.083130594439886,-16.754606497382653,5.9063863142438775,63.228357647945934,4.143331573375127,
-82.8790265637685,-46.23952156796347,-16.502799408106736,5.6954438544022,63.21659605226058,3.995355400016674,
-82.93373642523174,-46.39591254148706,-16.250992318830818,5.484501394560522,63.20483445657522,3.847379226658221,
-82.98843945650006,-46.552300099913175,-15.999185229554902,5.273558934718844,63.19307286088986,3.6994030532997684,
-83.04314248776836,-46.70869107343676,-15.747378140278984,5.062616474877166,63.18131809539944,3.5514268799413156,
-83.0978523492316,-46.865082046960346,-15.495571051003068,4.851674441922672,63.16955649971408,3.4034509200264544,
-83.1525553804999,-47.021469605386464,-15.24376396172715,4.640731982080994,63.15779490402873,3.2554747466680016,
-83.20725841176822,-47.17786057891005,-14.991956872451235,4.429789522239316,63.14603330834337,3.1074985733095493,
-83.26196827323146,-47.33424813733617,-14.740149783175317,4.218847062397638,63.13427171265801,2.9595223999510964,
-83.31667130449976,-47.49063911085975,-14.488342693899401,4.007905029443145,63.122510116972656,2.8115462265926436,
-83.37137433576808,-47.64703008438334,-14.236534750849117,3.7969625696014666,63.1107485212873,2.6635702666777825,
-83.42608419723132,-47.80341764280946,-13.9847276615732,3.586020109759789,63.09898692560194,2.5155940933193297,
-83.48078722849962,-47.95980861633304,-13.732920572297283,3.3750778633617027,63.087225329916585,2.367617919960877,
-83.53549025976793,-48.11619958985663,-13.481114336795734,3.164135403520025,63.07546373423123,2.219641746602424,
-83.59019329103624,-48.272587148282746,-13.229307247519817,2.9531931571219388,63.06370896874081,2.0716657866875634,
-83.64490315249948,-48.42897812180633,-12.977500158243899,2.742250697280261,63.051947373055455,1.9236896133291106,
-83.69960618376778,-48.58536568023245,-12.725693068967983,2.531308237438583,63.0401857773701,1.7757134399706578,
-83.75430921503609,-48.741756653756035,-12.473885979692065,2.320365991040497,63.02842418168474,1.6277373733340008,
-83.80901907649934,-48.89814762727962,-12.22207889041615,2.109423531198819,63.016662585999384,1.4797611999755482,
-83.86372210776764,-49.05453518570574,-11.970271801140232,1.8984812848007333,63.00490099031403,1.3317851333388913,
-83.91842513903595,-49.210926159229324,-11.718464711864316,1.6875389316808513,62.99313939462867,1.1838089599804384,
-83.9731350004992,-49.36731713275291,-11.466657622588398,1.4765965785609694,62.98137779894331,1.0358328933437817,
-84.0278380317675,-49.52370469117903,-11.214850533312482,1.2656541187192916,62.96961620325796,0.8878567199853289,
-84.0825410630358,-49.68009566470261,-10.963043444036565,1.0547117655994096,62.9578546075726,0.7398805999877741,
-84.13725092449906,-49.83648322312873,-10.711236354760647,0.8437694658404257,62.946099842082184,0.5919044799902192,
-84.19195395576736,-49.992874196652316,-10.459429265484731,0.6328270593596458,62.93433824639683,0.44392835999266445,
-84.24665698703566,-50.1492651701759,-10.207622176208814,0.42188473292021283,62.92257665071147,0.2959522399951096,
-84.30136684849892,-50.30565272860202,-9.955815086932898,0.21094236646010642,62.91081505502611,0.1479761199975548,
-84.35606987976722,-50.462043702125605,-9.70400799765698,0.0,62.899053459340756,0.0,