0.0,-50.46215298524463,-9.704194120469074,0.0,62.89878708173813,0.0,
-0.10617423974116139,-50.377940096741376,-9.800406807706192,0.09171076834835883,63.0855041207919,-0.016359314061240377,
-0.21234847948232277,-50.29372720823812,-9.896619494943312,0.18342153669671765,63.27222115984568,-0.032718628122480754,
-0.3185227258935964,-50.20951090463739,-9.992833035954797,0.2751323117151887,63.45893819889945,-0.049077942183721135,
-0.42469695896464554,-50.12529801613414,-10.089045723191916,0.3668430733934353,63.64565523795323,-0.06543725624496151,
-0.5308711920356947,-50.04108512763088,-10.185258410429036,0.4585538350716819,63.832372277006996,-0.08179657364125802,
-0.6370454517871929,-49.95687223912763,-10.281471097666154,0.5502646234303774,64.01909614625572,-0.09815588436744227,
-0.7600083306993222,-49.87257397318763,-10.413997370072064,0.6539638980125675,64.20465888236475,-0.08519068693774998,
-0.8829712096114516,-49.78827570724763,-10.546523642477975,0.7576631725947575,64.39022844866874,-0.07222548283794543,
-1.005934035162683,-49.703977441307636,-10.679049914883887,0.8613624471769474,64.57579801497272,-0.05926028540825312,
-1.1288969674357106,-49.61967917536764,-10.811576187289797,0.9650617217591374,64.7613675812767,-0.046295081308448574,
-1.2518598997087378,-49.53537749433017,-10.944103313470075,1.0687609429804295,64.9469371475807,-0.03332988054370015,
-1.3748227252599692,-49.45107922839018,-11.076629585875986,1.1724602709235175,65.13249988368973,-0.020364681446479783,
-1.4977856575329966,-49.36678096245018,-11.209155858281898,1.2761594921448094,65.31806944999371,-0.007399479847967326,
-1.620748483084228,-49.28248269651018,-11.341682130687808,1.3798588200878974,65.5036390162977,0.005565720916781099,
-1.7437114153572555,-49.19818443057019,-11.47420840309372,1.4835580413091893,65.68920858260168,0.018530920847765493,
-1.866674347630283,-49.11388616463019,-11.606734675499629,1.5872573692522773,65.87477814890568,0.03149612328004198,
-1.9896370664597183,-49.029587898690195,-11.73926094790554,1.6909565904735695,66.06034771520966,0.044461324044790404,
-2.1125999987327457,-48.945289632750196,-11.871787220311452,1.7946559184166573,66.2459104513187,0.05742652480953883,
-2.2251919203213255,-48.87299884951337,-12.000944499063587,1.8886788878449767,66.4044802570279,0.08110720420047729,
-2.3377838419099053,-48.800704651179075,-12.130100924041354,1.9827018572732962,66.56304323254216,0.10478788359141575,
-2.450375763498485,-48.728413867942244,-12.25925820279349,2.0767248267016156,66.72161303825136,0.1284685629823542,
-2.562967685087065,-48.656119669607946,-12.388414627771256,2.1707480095735265,66.88017601376562,0.15214923570318042,
-2.6755593932320525,-48.58382888637112,-12.517571906523392,2.2647709790018458,67.03874581947483,0.17582992176423112,
-2.7881513148206323,-48.51153810313429,-12.646728331501158,2.3587939484301654,67.19730879498908,0.19951059448505734,
-2.900743236409212,-48.439243904799994,-12.775885610253294,2.4528169178584847,67.35587860069829,0.22319128054610804,
-3.013335157997792,-48.36695312156317,-12.90504288900543,2.546840100730396,67.51444157621255,0.24687195326693426,
-3.1259270795863716,-48.29465892322887,-13.034199313983196,2.6408630701587152,67.67301138192175,0.27055263932798496,
-3.2385190011749514,-48.22236813999204,-13.163356592735331,2.7348860395870345,67.83157435743601,0.29423329870858667,
-3.3511109227635307,-48.15007735675522,-13.292513017713098,2.828909009015354,67.99014416314522,0.3179139847696374,
-3.463702630908519,-48.07778315842092,-13.421670296465233,2.922932191887265,68.14870713865947,0.34159467083068806,
-3.5762945524970986,-48.00549237518409,-13.550826721443,3.0169551613155847,68.30727011417373,0.3652753568917388,
-3.68888668752927,-47.9331981768498,-13.679984000195136,3.110978130743904,68.46583991988294,0.3889560162723405,
-3.801478182230666,-47.86090739361297,-13.809141278947271,3.205001100172223,68.6244028953972,0.4126367023333912,
-3.914070103819246,-47.78861319527867,-13.938297703925038,3.2990240696005424,68.7829727011064,0.4363173883944419,
-4.026662025407826,-47.71632241204185,-14.067454982677173,3.3930472524724538,68.94153567662066,0.45999804777504366,
-4.139253946996406,-47.64403162880502,-14.19661140765494,3.487070221900773,69.10010548232987,0.48367876051654335,
-4.251845868584985,-47.57173743047072,-14.325768686407075,3.5810934047726843,69.25866845784412,0.5073594198971451,
-4.3644377901735645,-47.499446647233896,-14.45492596515921,3.675116160757412,69.41723826355333,0.5310400792777468,
-4.477029711762144,-47.4271524488996,-14.58408153636261,3.7691393436293232,69.57580123906759,0.5547207920192465,
-4.589621633350724,-47.35486166566277,-14.713238815114746,3.8631620996140503,69.7343710447768,0.5784014513998482,
-4.702213554939304,-47.282570882425944,-14.84239609386688,3.9571852824859617,69.89293402029105,0.6020821107804499,
-4.814805476527884,-47.210276684091646,-14.971553372619015,4.051208465357873,70.05149699580531,0.6257628235219496,
-4.927397398116463,-47.137985900854815,-15.10071065137115,4.1452312213426,70.21006680151451,0.6494434829025513,
-5.039989319705043,-47.06569170252052,-15.22986622257455,4.2392544042145115,70.36862977702877,0.673124142283153,
-5.152581241293623,-46.993400919283694,-15.359023501326686,4.3332771601992395,70.52719958273798,0.6968048550246527,
-5.265173162882203,-46.92111013604686,-15.48818078007882,4.42730034307115,70.68576255825224,0.7204855144052544,
-5.376533514945802,-46.861298118964015,-15.634570640662636,4.5180744875879055,70.815495280928,0.7721055664328648,
-5.487893867009402,-46.801489516978634,-15.780958793697717,4.608848205217478,70.94522117340883,0.823725618460475,
-5.599254219073002,-46.74168091499325,-15.927348654281534,4.699621922847049,71.07494706588966,0.8753456704880853,
-5.710614571136601,-46.6818688979104,-16.073736807316614,4.790396067363805,71.20467295837048,0.9269657758765936,
-5.821974923200201,-46.62206029592502,-16.22012666790043,4.881169784993377,71.3343988508513,0.9785858279042038,
-5.9333352752638,-46.562251693939636,-16.366516528484247,4.971943929510132,71.46412474333214,1.0302058799318141,
-6.0446956273274,-46.50243967685679,-16.51290468151933,5.062717647139704,71.59385063581296,1.0818259319594243,
-6.156055979390999,-46.44263107487141,-16.659294542103144,5.153491364769276,71.72358335848872,1.1334459839870346,
-6.267416331454599,-46.38282247288602,-16.805682695138227,5.244265509286031,71.85330925096955,1.185066036014645,
-6.378776683518198,-46.32301045580317,-16.952072555722044,5.335039226915603,71.98303514345038,1.2366860880422552,
-6.490137035581798,-46.26320185381779,-17.09846241630586,5.425813371432358,72.1127610359312,1.2883061400698654,
-6.601497387645397,-46.20339325183241,-17.24485056934094,5.51658708906193,72.24248692841202,1.3399261920974757,
-6.712857739708997,-46.14358464984703,-17.391240429924757,5.607360806691502,72.37221282089286,1.391546244125086,
-6.82421851865978,-46.08377263276417,-17.537628582959837,5.6981349512082575,72.50194554356862,1.4431662961526963,
-6.935578870723379,-46.02396403077879,-17.684018443543653,5.788908668837829,72.63167143604944,1.4947863481803065,
-7.046939222786979,-45.96415542879341,-17.830406596578737,5.879682813354584,72.76139732853026,1.5464064002079168,
-7.158299574850578,-45.90434341171056,-17.976796457162553,5.970456530984157,72.8911232210111,1.5980264522355272,
-7.269659926914178,-45.84453480972518,-18.123186317746367,6.061230248613728,73.02084911349192,1.6496465042631374,
-7.381020278977777,-45.7847262077398,-18.26957447078145,6.1520043931304835,73.15057500597275,1.7012665562907476,
-7.492380631041377,-45.724914190656946,-18.415964331365267,6.242778110760055,73.28030772864851,1.7528866083183579,
-7.603740983104976,-45.665105588671565,-18.562352484400346,6.33355225527681,73.41003362112934,1.8045067670677641,
-7.715101335168576,-45.605296986686184,-18.708742344984163,6.424325972906383,73.53975951361016,1.8561268190953744,
-7.826461687232175,-45.54548496960333,-18.85513220556798,6.515100117423138,73.66948540609098,1.9077468711229848,
-7.937822039295775,-45.48567636761795,-19.001520358603063,6.6058738350527095,73.79921129857182,1.959366923150595,
-8.049182391359375,-45.42586776563257,-19.147910219186876,6.696647552682282,73.92893719105264,2.0109869751782052,
-8.160542743422974,-45.366059163647186,-19.29429837222196,6.787421697199037,74.05866991372841,2.0626070272058157,
-8.271903095486573,-45.30624714656434,-19.440688232805776,6.878195414828609,74.18839580620923,2.1142270792334257,
-8.383263447550174,-45.24643854457896,-19.587078093389593,6.968969559345364,74.31812169869006,2.165847131261036,
-8.494623799613773,-45.18662994259358,-19.733466246424673,7.0597432769749355,74.44784759117088,2.2174671832886466,
-8.605984151677372,-45.12681792551072,-19.87985610700849,7.150516994604508,74.5775734836517,2.2690872353162566,
-8.717344503740971,-45.06700932352534,-20.02624426004357,7.241290712234079,74.70729937613254,2.320707287343867,
-8.828704855804572,-45.00720072153996,-20.172634120627386,7.332064856750835,74.83703209880831,2.372327339371477,
-8.940065207868171,-44.94738870445711,-20.319023981211203,7.42283900126759,74.96675799128913,2.4239473913990874,
-9.051426413706137,-44.88758010247172,-20.465412134246286,7.513613145784346,75.09648388376995,2.475567443426698,
-9.162786765769738,-44.82777150048634,-20.6118019948301,7.604386436526734,75.22620977625078,2.527187495454308,
-9.274147117833337,-44.76796289850096,-20.758190147865182,7.695160581043489,75.3559356687316,2.5788075474819183,
-9.386501263260595,-44.72911616478408,-20.94016703163113,7.782661354635618,75.43698959207546,2.682734513015715,
-9.498855408687852,-44.6902694310672,-21.12214391539708,7.870162982002114,75.51803668522439,2.7866614785495125,
-9.61120955411511,-44.65142269735033,-21.304120799163027,7.957663755594243,75.59908377837331,2.8905884440833094,
-9.723564553316736,-44.61257596363345,-21.486097682928975,8.045164529186371,75.68013770171717,2.9945154096171063,
-9.835918698743994,-44.573729229916566,-21.66807456669492,8.132666156552867,75.7611847948661,3.0984425885944953,
-9.948272844171251,-44.534882496199685,-21.850051450460867,8.220166930144996,75.84223188801502,3.202369554128292,
-10.060626989598509,-44.496035762482805,-22.032028334226816,8.307667703737126,75.92328581135888,3.3062965196620895,
-10.172981988800133,-44.457189028765924,-22.214005217992764,8.395169331103622,76.0043329045078,3.4102234851958864,
-10.285336134227391,-44.418342295049044,-22.39598210175871,8.48267010469575,76.08538682785166,3.5141504507296837,
-10.397690279654649,-44.37949556133216,-22.57795898552466,8.570170878287879,76.16643392100059,3.6180776297070723,
-10.510044425081906,-44.34064882761528,-22.759935869290608,8.657672505654375,76.24748101414951,3.7220045952408696,
-10.622399424283532,-44.30180209389841,-22.941912753056556,8.745173279246504,76.32853493749337,3.8259315607746665,
-10.73475356971079,-44.26295536018153,-23.1238896368225,8.832674052838632,76.4095820306423,3.9298585263084633,
-10.847107715138048,-44.22410862646465,-23.30586652058845,8.920175680205128,76.49062912379121,4.03378549184226,
-10.959461860565305,-44.18526189274777,-23.487843404354397,9.007676453797258,76.57168304713508,4.1377124573760575,
-11.07181685976693,-44.14641515903089,-23.669820288120345,9.095177227389385,76.65273014028399,4.241639422909855,
-11.184171005194187,-44.10756842531401,-23.851797171886293,9.182678854755881,76.73377723343292,4.345566388443651,
-11.296525150621445,-44.068721691597126,-24.03377405565224,9.27017962834801,76.81483115677678,4.449493353977449,
-11.408880149823071,-44.029874957880246,-24.21575093941819,9.35768040194014,76.8958782499257,4.553420319511246,
-11.521234295250329,-43.991028224163365,-24.397727823184137,9.445182029306636,76.97693217326956,4.657347285045042,
-11.633588440677586,-43.952181490446485,-24.579704706950086,9.532682802898764,77.05797926641849,4.76127425057884,
-11.745942586104844,-43.91333475672961,-24.76168159071603,9.620183576490893,77.13902635956741,4.865201216112637,
-11.858297585306468,-43.87448802301273,-24.94365847448198,9.70768520385739,77.22008028291127,4.969128181646433,
-11.970651730733726,-43.83564128929585,-25.125635358247926,9.795185977449519,77.3011273760602,5.073055147180231,
-12.083005876160986,-43.79679455557897,-25.30761053446514,9.882686751041646,77.38217446920912,5.176982112714028,
-12.195360021588243,-43.75794782186209,-25.48958741823109,9.970188378408142,77.46322839255298,5.2809090782478245,
-12.307715020789868,-43.71910108814521,-25.671564301997037,10.057689152000272,77.5442754857019,5.384836043781622,
-12.420069166217125,-43.68025435442833,-25.85354118576298,10.1451899255924,77.62532257885083,5.488763009315419,
-12.532423311644383,-43.64140762071145,-26.03551806952893,10.232691552958896,77.70637650219469,5.592689974849216,
-12.64477745707164,-43.60256088699457,-26.217494953294878,10.320192326551025,77.78742359534361,5.696616940383013,
-12.757132456273267,-43.563714153277694,-26.399471837060826,10.407693100143154,77.86847751868747,5.800544332803994,
-12.869486601700524,-43.52486741956081,-26.581448720826774,10.49519472750965,77.9495246118364,5.904471298337791,
-12.981840747127782,-43.48602068584393,-26.763425604592722,10.582695501101778,78.0305717049853,6.008398263871588,
-13.09419489255504,-43.44717395212705,-26.94540248835867,10.670196274693907,78.11162562832918,6.112325229405385,
-13.206549891756664,-43.40832721841017,-27.12737937212462,10.757697902060404,78.19267272147809,6.216252194939182,
-13.318904037183922,-43.36948048469329,-27.309356255890567,10.845198675652533,78.27371981462701,6.320179160472979,
-13.426498390512903,-43.35769156822818,-27.524147103693316,10.924165974442458,78.29242771856558,6.480990550783799,
-13.53409359761625,-43.34590265176306,-27.738937951496066,11.003134127006753,78.31113562250412,6.641802367981803,
-13.641687950945231,-43.33411373529795,-27.953730506847553,11.082101425796678,78.32983669624774,6.8026137582926225,
-13.749282304274212,-43.32232481883284,-28.168521354650306,11.161068724586604,78.3485446001863,6.963425148603443,
-13.85687751137756,-43.31053248727025,-28.383312202453055,11.240036877150898,78.36725250412485,7.124236965801447,
-13.96447186470654,-43.29874357080514,-28.59810305025581,11.319004175940824,78.38595357786848,7.2850483561122665,
-14.072066218035522,-43.28695465434003,-28.812893898058558,11.39797147473075,78.40466148180703,7.445860173310271,
-14.179660571364503,-43.275165737874914,-29.027686453410045,11.476939627295044,78.42336938574559,7.606671990508274,
-14.28725577846785,-43.2633768214098,-29.24247559366406,11.55590692608497,78.44207728968414,7.767482953931911,
-14.394850985571198,-43.251587904944685,-29.457268149015547,11.634874224874897,78.46077836342775,7.928294771129915,
-14.502445338900179,-43.239795573382104,-29.672060704367034,11.71384237743919,78.47948626736631,8.089106588327919,
-14.61003969222916,-43.22800665691699,-29.88684984462105,11.792809676229117,78.49819417130486,8.249917551751555,
-14.71763404555814,-43.216217740451874,-30.101642399972533,11.87177782879341,78.51689524504847,8.410729368949559,
-14.825228398887122,-43.20442882398676,-30.31643154022655,11.950745127583337,78.53560314898704,8.571541186147563,
-14.932822752216103,-43.192639907521645,-30.531224095578036,12.029712426373262,78.55431105292558,8.732352149571199,
-15.040417105545083,-43.18084757595906,-30.746013235832052,12.108680578937557,78.57301212666921,8.893163966769203,
-15.148013166422798,-43.16905865949395,-30.96080579118354,12.187647877727482,78.59172003060776,9.053975783967205,
-15.255607519751779,-43.157269743028834,-31.175598346535025,12.266615176517409,78.61042793454632,9.21478760116521,
-15.36320187308076,-43.14548082656372,-31.39038748678904,12.345583329081702,78.62912900828994,9.375598564588847,
-15.47079622640974,-43.133691910098605,-31.60518004214053,12.424550627871628,78.64783691222848,9.53641038178685,
-15.578390579738722,-43.12189957853602,-31.819969182394544,12.503517926661555,78.66654481616705,9.697222198984853,
-15.685984933067703,-43.11011066207091,-32.03476173774603,12.582486079225848,78.68524588991066,9.858033162408491,
-15.793580993945417,-43.098321745605794,-32.24955429309752,12.661453378015775,78.70395379384922,10.018844979606493,
-15.901175347274398,-43.08653282914068,-32.46434343335153,12.740420676805702,78.72266169778777,10.179656796804498,
-16.008769700603377,-43.07474391267557,-32.67913598870302,12.819388829369995,78.74136277153139,10.340467760228135,
-16.116364053932358,-43.06295158111298,-32.89392512895704,12.898356128159921,78.76007067546995,10.501279577426137,
-16.22395840726134,-43.05116266464787,-33.10871768430852,12.977323426949846,78.7787785794085,10.662091394624142,
-16.33155276059032,-43.03937374818276,-33.32351023966001,13.056291579514141,78.79747965315211,10.822903211822146,
-16.37303765710248,-43.087191942952316,-33.4898254864303,13.076792409624245,78.68330611454792,11.011192903260678,
-16.4145208460659,-43.13500672262441,-33.65614073320059,13.097293239734348,78.56912574574878,11.19948259469921,
-16.45600574257806,-43.18282491739397,-33.82245939506834,13.117794923618819,78.45495220714459,11.38777313991211,
-16.497488931541483,-43.23063969706606,-33.98877464183863,13.138295753728922,78.34077183834546,11.576062831350644,
-16.538973828053642,-43.27845789183562,-34.155093303706394,13.158796583839026,78.22659829974126,11.764352522789176,
-16.580457017017064,-43.32627267150771,-34.32140855047668,13.179298267723498,78.11241793094213,11.952642214227708,
-16.621941913529223,-43.37409086627727,-34.487727212344446,13.199799097833601,77.99823756214299,12.140932759440608,
-16.66342681004138,-43.42190906104683,-34.654042459114734,13.220299927943705,77.8840640235388,12.32922245087914,
-16.704909999004805,-43.46972384071893,-34.82036112098249,13.240801611828175,77.76988365473966,12.517512142317672,
-16.74639489551696,-43.51754203548848,-34.98667636775278,13.26130244193828,77.65571011613547,12.705802687530573,
-16.787878084480386,-43.56535681516058,-35.15299502962054,13.281803272048384,77.54152974733633,12.894092378969106,
-16.829362980992542,-43.61317500993014,-35.31931027639083,13.302304955932854,77.42735620873214,13.082382070407638,
-16.870846169955964,-43.660989789602226,-35.48562552316112,13.322805786042958,77.313175839933,13.270672615620539,
-16.912331066468123,-43.70880798437179,-35.65194418502888,13.343306616153061,77.19899547113387,13.458962307059071,
-16.953814255431546,-43.75662617914135,-35.81825943179917,13.363807446263165,77.08482193252966,13.647251998497604,
-16.995299151943705,-43.80444095881344,-35.984578093666926,13.384309130147637,76.97064156373054,13.835542543710503,
-17.036782340907127,-43.852259153583,-36.15089334043722,13.40480996025774,76.85646802512633,14.023832235149035,
-17.078267237419286,-43.90007393325509,-36.31721200230498,13.425310790367844,76.7422876563272,14.212121926587567,
-17.11975042638271,-43.94789212802465,-36.483527249075266,13.445812474252314,76.628114117723,14.400412471800468,
-17.161235322894868,-43.99570690769674,-36.64984591094303,13.46631330436242,76.51393374892388,14.588702163239,
-17.20271851185829,-44.043525102466305,-36.81616115771332,13.486814134472523,76.39975338012474,14.776991854677533,
-17.24420340837045,-44.09134329723586,-36.98247981958107,13.507315818356993,76.28557984152054,14.965281546116065,
-17.18556447726841,-44.261497113562,-36.98215880041893,13.447619060813741,76.09851446252486,15.089176159667522,
-17.126927253715106,-44.431650929888136,-36.981837781256786,13.387923157044858,75.91145591372413,15.213070773218979,
-17.068288322613068,-44.60180474621428,-36.98151676209464,13.328227253275973,75.72439053472846,15.336965386770437,
-17.00964939151103,-44.77195856254041,-36.9811957429325,13.26853134950709,75.53733198592772,15.460860000321894,
-16.951012167957728,-44.942112378866554,-36.980874723770356,13.208835445738204,75.35026660693204,15.584752906324615,
-16.89237323685569,-45.11226619519269,-36.98055370460821,13.14913954196932,75.1632080581313,15.708647519876072,
-16.83373430575365,-45.282416596421356,-36.98023268544607,13.089443638200436,74.97614267913563,15.832542133427529,
-16.775095374651613,-45.4525704127475,-36.979911666283925,13.029747734431552,74.7890841303349,15.956436746978985,
-16.71645815109831,-45.62272422907363,-36.97959064712178,12.9700509768883,74.60201875133922,16.080331360530444,
-16.65781921999627,-45.79287804539977,-36.97926962795964,12.910355073119415,74.41496020253848,16.2042259740819,
-16.59918028889423,-45.96303186172591,-36.978948608797495,12.850659169350532,74.22789482354281,16.328120587633357,
-16.54054306534093,-46.133185678052044,-36.97862758963535,12.790963265581647,74.04082944454713,16.45201349363608,
-16.481904134238892,-46.303339494378186,-36.9783065704732,12.731267361812764,73.8537708957464,16.575908107187537,
-16.423265203136854,-46.47349331070432,-36.97798555131106,12.671571458043879,73.66670551675072,16.699802720738994,
-16.36462797958355,-46.64364712703046,-36.977664532148914,12.611875554274995,73.47964696794999,16.82369733429045,
-16.30598904848151,-46.8138009433566,-36.97734351298677,12.552178796731743,73.2925815889543,16.947591947841907,
-16.247350117379472,-46.98395475968274,-36.97702249382463,12.492482892962858,73.10552304015357,17.071486561393364,
-16.18871289382617,-47.15410857600887,-36.976701474662484,12.432786989193975,72.9184576611579,17.19538117494482,
-16.130073962724133,-47.32426239233501,-36.97638045550034,12.37309108542509,72.73139911235717,17.319274080947544,
-16.071435031622094,-47.49441620866115,-36.9760594363382,12.313395181656206,72.54433373336148,17.443168694499,
-16.01279780806879,-47.664570024987285,-36.97573841717605,12.253699277887321,72.35727518456075,17.567063308050457,
-15.954158876966753,-47.834723841313426,-36.97541739801391,12.194003374118438,72.17020980556508,17.690957921601914,
-15.864273511566465,-48.02832913196342,-36.85082098193244,12.116955360106436,72.06304404696853,17.697272436823233,
-15.774386438617443,-48.221931007515934,-36.72622115075352,12.039907346094433,71.95587828837199,17.703588659593287,
-15.684501073217154,-48.415536298165925,-36.60162473467205,11.96285933208243,71.84871252977544,17.709903174814606,
-15.594615707816866,-48.60913817371844,-36.47702490349312,11.885811318070429,71.7415467711789,17.716219397584663,
-15.504728634867844,-48.80274346436843,-36.35242507231418,11.808763304058427,71.63438101258235,17.722533912805982,
-15.414843269467555,-48.99634533992095,-36.227828656232724,11.731715290046425,71.52721525398582,17.728850135576035,
-15.324957904067267,-49.18995063057094,-36.10322882505379,11.654667276034422,71.42004949538926,17.735164650797355,
-15.23507253866698,-49.383552506123465,-35.978632408972324,11.577620115796789,71.31288373679273,17.74148087356741,
-15.145185465717956,-49.57715779677345,-35.8540325777934,11.500572101784785,71.20571797819618,17.74779538878873,
-15.055300100317668,-49.77075967232597,-35.729432746614464,11.423524087772783,71.09855221959964,17.754111611558784,
-14.965414734917381,-49.96436154787849,-35.604836330533,11.346476073760781,70.99138646100309,17.760426126780104,
-14.875527661968357,-50.15796683852848,-35.48023649935406,11.26942805974878,70.88422070240655,17.766742349550157,
-14.785642296568069,-50.351568714081004,-35.355640083272604,11.192380045736776,70.77705494381,17.773056864771476,
-14.695756931167782,-50.54517400473099,-35.23104025209367,11.115332031724774,70.66988918521346,17.779373087541533,
-14.605869858218758,-50.73877588028351,-35.10644383601221,11.038284017712773,70.56272342661691,17.785687602762852,
-14.515984492818472,-50.9323811709335,-34.98184400483328,10.961236857475138,70.45555766802038,17.792003825532905,
-14.426099127418183,-51.12598304648602,-34.857244173654344,10.884188843463136,70.34839190942382,17.798318340754225,
-14.336213762017895,-51.31958833713601,-34.73264775757288,10.807140829451134,70.24122615082729,17.80463456352428,
-14.24632754284324,-51.51319021268853,-34.608047926393944,10.730092815439132,70.13406039223074,17.8109490787456,
-14.156441323668584,-51.70679550333852,-34.483451510312484,10.653044801427129,70.0268946336342,17.817265301515654,
-14.06655510449393,-51.900397378891036,-34.35885167913355,10.575996787415127,69.91972887503766,17.823579816736974,
-13.97666973909364,-52.09400266954103,-34.23425184795462,10.498948773403125,69.81256311644111,17.829896039507027,
-13.886783519918986,-52.28760454509355,-34.10965543187316,10.421900759391123,69.70539735784457,17.836210554728346,
-13.796898154518697,-52.481209835743535,-33.985055600694224,10.344852745379121,69.59823159924802,17.842526777498403,
-13.707011935344042,-52.67481171129606,-33.86045918461276,10.267805585141486,69.49106584065149,17.848841292719722,
-13.617125716169387,-52.868413586848575,-33.73585935343383,10.190757571129485,69.38390008205494,17.855157515489775,
-13.5272403507691,-53.062018877498566,-33.6112595222549,10.113709557117481,69.2767343234584,17.861472030711095,
-13.437354131594445,-53.25562075305109,-33.48666310617343,10.03666154310548,69.16956856486185,17.86778825348115,
-13.347468766194156,-53.449226043701074,-33.3620632749945,9.959613529093478,69.06240280626531,17.87410276870247,
-13.257582547019501,-53.6428279192536,-33.23746685891304,9.882565515081476,68.95523704766876,17.880418991472524,
-13.167696327844846,-53.83643320990359,-33.112867027734104,9.805517501069474,68.84807128907222,17.886733506693844,
-13.077810962444557,-54.030035085456106,-32.98827061165264,9.72846948705747,68.74090553047567,17.893049729463897,
-12.987924743269902,-54.2236403761061,-32.86367078047371,9.651421473045469,68.63373977187914,17.899364244685216,
-12.898039377869614,-54.417242251658614,-32.73907094929478,9.574374312807834,68.52657401328258,17.905680467455273,
-12.808153158694958,-54.610847542308605,-32.61447453321331,9.497326298795832,68.41940825468605,17.911994982676593,
-12.71826779329467,-54.80444941786112,-32.48987470203438,9.42027828478383,68.3122424960895,17.918311205446646,
-12.628381574120015,-54.99805470851111,-32.36527828595292,9.343230270771828,68.20507673749296,17.924625720667965,
-12.53849535494536,-55.19165658406364,-32.240678454773985,9.266182256759825,68.09791097889641,17.93094194343802,
-12.448609989545073,-55.38526187471362,-32.11607862359505,9.189134242747823,67.99074522029987,17.93725645865934,
-12.358723770370416,-55.578863750266144,-31.991482207513588,9.112086228735821,67.88357946170332,17.943572681429394,
-12.271946997441846,-55.74860092470099,-31.828343001390042,9.042511301761706,67.84164206477644,17.888613517850867,
-12.185169370738908,-55.91833468403836,-31.665207210363963,8.97293637478759,67.79970466784955,17.83365435427234,
-12.098391744035972,-56.08807185847321,-31.502068004240417,8.903361447813475,67.75776727092267,17.77869348314508,
-12.0116149711074,-56.25780561781058,-31.33892879811687,8.83378652083936,67.71582987399579,17.723734319566553,
-11.924837344404464,-56.427542792245426,-31.175793007090792,8.764211593865245,67.67389930726385,17.668775155988023,
-11.838059717701526,-56.5972765515828,-31.012653800967247,8.694636666891128,67.63196191033697,17.613815992409496,
-11.751282944772957,-56.767013726017645,-30.8495145948437,8.625061739917014,67.59002451341009,17.55885682883097,
-11.664505318070018,-56.93674748535502,-30.68637880381762,8.555486812942899,67.5480871164832,17.50389595770371,
-11.57772769136708,-57.10648465978987,-30.523239597694076,8.485911885968783,67.50614971955632,17.44893679412518,
-11.49095091843851,-57.27621841912724,-30.360103806667997,8.416336958994668,67.46421232262944,17.393977630546654,
-11.404173291735573,-57.44595559356209,-30.19696460054445,8.346762032020552,67.42227492570255,17.339018466968128,
-11.317395665032635,-57.61569276799693,-30.033825394420905,8.277187105046437,67.38034435897062,17.2840593033896,
-11.230618892104065,-57.785423112236835,-29.870689603394826,8.20761217807232,67.33840696204373,17.229098432262337,
-11.143841265401127,-57.955160286671685,-29.70755039727128,8.138037251098206,67.29646956511685,17.17413926868381,
-11.05706363869819,-58.12489746110653,-29.544411191147734,8.068462324124091,67.25453216818997,17.119180105105283,
-10.97028686576962,-58.29463463554137,-29.381275400121655,7.998887397149975,67.21259477126308,17.064220941526756,
-10.883509239066683,-58.46436497978128,-29.21813619399811,7.92931247017586,67.1706573743362,17.00926177794823,
-10.796731612363745,-58.63410215421612,-29.05499698787456,7.859737543201745,67.12871997740932,16.95430090682097,
-10.709954839435175,-58.803839328650966,-28.891861196848485,7.790162616227629,67.08678258048243,16.89934174324244,
-10.623177212732237,-58.97357650308581,-28.72872199072494,7.720587689253514,67.0448520137505,16.844382579663915,
-10.5363995860293,-59.14330684732572,-28.565584492150126,7.651012762279398,67.00291461682362,16.789423416085384,
-10.44962281310073,-59.31304402176056,-28.402446993575314,7.581437835305283,66.96097721989673,16.734464252506857,
-10.362845186397792,-59.482781196195404,-28.2393094950005,7.511862908331167,66.91903982296985,16.679503381379597,
-10.276067559694853,-59.65251837063025,-28.076170288876956,7.442287981357053,66.87710242604297,16.62454421780107,
-10.189290786766284,-59.822248714870156,-27.913032790302143,7.372713054382937,66.83516502911608,16.569585054222543,
-10.102513160063346,-59.991985889305,-27.74989529172733,7.303138127408822,66.7932276321892,16.514625890644016,
-10.01573553336041,-60.16172306373984,-27.58675779315252,7.233562346660339,66.75129023526232,16.45966672706549,
-9.928958760431838,-60.33146023817469,-27.423618587028972,7.163987419686223,66.70935966853038,16.404705855938225,
-9.842181133728902,-60.501190582414594,-27.26048108845416,7.094412919599292,66.6674222716035,16.349746692359698,
-9.755403507025964,-60.67092775684944,-27.097343589879348,7.0248379926251765,66.62548487467662,16.29478752878117,
-9.668626734097394,-60.84066493128429,-26.934204383755798,6.955263065651061,66.58354747774973,16.239828365202644,
-9.581849107394456,-61.01040210571913,-26.771066885180986,6.8856881386769455,66.54161008082285,16.184869201624117,
-9.495071480691518,-61.18013244995903,-26.607929386606177,6.81611321170283,66.49967268389597,16.129908330496857,
-9.408294707762948,-61.34986962439388,-26.444791888031364,6.746538284728715,66.45773528696908,16.07494916691833,
-9.32151708106001,-61.519606798828725,-26.281652681907815,6.676962930867416,66.41580472023715,16.019990003339803,
-9.234739454357072,-61.68934397326357,-26.118515183333002,6.607388003893301,66.37386732331026,15.965030839761274,
-9.147962681428503,-61.85908114769841,-25.95537768475819,6.537813076919186,66.33192992638338,15.910071676182747,
-9.061185054725565,-62.02881149193832,-25.79224018618338,6.46823814994507,66.2899925294565,15.855110805055485,
-8.974407428022628,-62.19854866637316,-25.62910098005983,6.398663222970955,66.24805513252961,15.800151641476958,
-8.887630655094057,-62.36828584080801,-25.46596348148502,6.329088295996839,66.20611773560273,15.745192477898431,
-8.80085302839112,-62.53802301524285,-25.302825982910207,6.259513369022724,66.16418033867585,15.690233314319904,
-8.714075401688183,-62.70775335948276,-25.139688484335398,6.189938442048608,66.12224294174896,15.635274150741377,
-8.627298628759611,-62.8774905339176,-24.97654927821185,6.1203635150744935,66.08031237501703,15.580314987162849,
-8.540521002056675,-63.047227708352445,-24.813411779637036,6.050788588100378,66.03837497809015,15.525354116035588,
-8.453743375353737,-63.216964882787295,-24.650274281062224,5.9812136611262625,65.99643758116326,15.470394952457061,
-8.366966602425167,-63.3866952270272,-24.487135074938678,5.911638734152147,65.95450018423638,15.415435788878533,
-8.28018897572223,-63.55643240146204,-24.323997576363865,5.8420638071780315,65.9125627873095,15.360476625300006,
-8.193411349019291,-63.72616957589689,-24.160860077789053,5.772488880203916,65.87062539038261,15.305517461721479,
-8.106634576090721,-63.89590675033173,-23.99772257921424,5.7029139532298005,65.82868799345573,15.250556590594217,
-8.019856949387783,-64.06563709457164,-23.834583373090695,5.633339026255686,65.78675059652885,15.19559742701569,
-7.933079322684846,-64.23537426900648,-23.671445874515882,5.5637640992815705,65.74482002979691,15.140638263437163,
-7.846302549756276,-64.40511144344133,-23.50830837594107,5.494188745420271,65.70288263287003,15.085679099858636,
-7.774141540223294,-64.52992642576085,-23.32072219458128,5.4420235584590735,65.74221089533012,14.967716510611902,
-7.701980530690312,-64.65474140808037,-23.133137720770222,5.389858371497875,65.78153915779022,14.849755628913902,
-7.62981952115733,-64.77955639039988,-22.945553246959165,5.337693184536678,65.82086742025031,14.731793039667167,
-7.557659365398716,-64.90437820291434,-22.757967065599374,5.28552799757548,65.86019568271041,14.613832157969169,
-7.485498355865734,-65.02919318523386,-22.570382591788317,5.233362383727099,65.8995239451705,14.495871276271169,
-7.413337346332752,-65.15400816755337,-22.382796410428526,5.181197196765901,65.93885903782554,14.377908687024435,
-7.34117633679977,-65.27882314987289,-22.19521193661747,5.129032009804703,65.97818730028564,14.259946951552068,
-7.269016181041155,-65.40363813219241,-22.00762746280641,5.076866822843506,66.01751556274573,14.141986069854068,
-7.196855171508173,-65.52845311451193,-21.82004128144662,5.024701635882308,66.05684382520583,14.024024334381702,
-7.124694161975191,-65.65327492702639,-21.632456807635563,4.972536448921111,66.09617208766592,13.906062598909335,
-7.052533579329394,-65.77808990934591,-21.444870626275772,4.920370835072729,66.13550035012602,13.788100863436968,
-6.980372569796411,-65.90290489166543,-21.257286152464715,4.868205648111531,66.17482861258611,13.670139127964601,
-6.908211987150613,-66.02771987398495,-21.069701678653658,4.816040461150333,66.21415687504621,13.552177392492235,
-6.8360509776176315,-66.15253485630446,-20.882115497293867,4.763875274189136,66.25349196770125,13.434216510794235,
-6.763890394971833,-66.27735666881892,-20.69453102348281,4.711710087227938,66.29282023016134,13.316254775321868,
-6.691729385438851,-66.40217165113845,-20.506944842123016,4.659544473379556,66.33214849262144,13.198293039849501,
-6.619568802793053,-66.52698663345795,-20.319360368311962,4.607379286418359,66.37147675508153,13.080331304377134,
-6.547407793260071,-66.65180161577747,-20.131775894500905,4.555214099457161,66.41080501754163,12.962369568904768,
-6.475246783727089,-66.776616598097,-19.94418971314111,4.503048912495964,66.45013328000172,12.8444078334324,
-6.40308620108129,-66.90143158041651,-19.756605239330053,4.450883725534766,66.48946154246183,12.726446097960032,
-6.3309251915483085,-67.02625339293097,-19.569019057970262,4.398718111686384,66.52879663511685,12.608485216262034,
-6.258764608902511,-67.15106837525049,-19.381434584159205,4.346552924725187,66.56812489757695,12.490523480789667,
-6.186603599369529,-67.27588335757001,-19.193850110348148,4.294387737763989,66.60745316003704,12.3725617453173,
-6.1144430167237305,-67.40069833988953,-19.006263928988357,4.242222550802792,66.64678142249714,12.254600009844934,
-6.042282007190749,-67.52551332220904,-18.8186794551773,4.190057363841594,66.68610968495723,12.136638274372567,
-5.97012142454495,-67.65032830452856,-18.63109327381751,4.137891749993212,66.72543794741733,12.018676538900198,
-5.897960415011968,-67.77515011704303,-18.44350880000645,4.085726563032015,66.76476620987742,11.900714803427832,
-5.82579983236617,-67.89996509936253,-18.255924326195395,4.033561376070817,66.80409447233752,11.782753921729833,
-5.753638822833188,-68.02478008168205,-18.068338144835604,3.9813961891096192,66.84342956499256,11.664792186257467,
-5.68147824018739,-68.14959506400157,-17.880753671024546,3.9292310021484216,66.88275782745265,11.5468304507851,
-5.609317230654408,-68.2744100463211,-17.693167489664756,3.87706538830004,66.92208608991275,11.428868715312731,
-5.53715664800861,-68.39923185883555,-17.5055830158537,3.8249002013388425,66.96141435237284,11.310906979840365,
-5.464995638475628,-68.52404684115507,-17.31799854204264,3.772735014377645,67.00074261483294,11.192945244367998,
-5.3928350558298295,-68.64886182347459,-17.13041236068285,3.720569827416447,67.04007087729303,11.074983508895631,
-5.320674046296848,-68.77367680579411,-16.942827886871793,3.6684046404552495,67.07939913975314,10.957022627197633,
-5.248513036763866,-68.89849178811363,-16.755241705512002,3.616239453494052,67.11873423240817,10.839060891725266,
-5.176352454118067,-69.02330677043314,-16.567657231700945,3.564074053089262,67.15806249486826,10.721099156252897,
-5.104191444585085,-69.1481285829476,-16.380072757889888,3.5119086526844727,67.19739075732836,10.60313742078053,
-5.032030861939288,-69.27294356526711,-16.192486576530097,3.459743465723275,67.23671901978845,10.485175685308164,
-4.959869852406305,-69.39775854758663,-16.00490210271904,3.4075780653184853,67.27604728224856,10.367213949835797,
-4.887709269760507,-69.52257352990615,-15.817315921359247,3.3554128783572876,67.31537554470864,10.24925221436343,
-4.8155482602275255,-69.64738851222567,-15.62973144754819,3.30324769139609,67.35470380716873,10.131291332665432,
-4.743387677581727,-69.7722034945452,-15.442146973737133,3.2510822909913,67.39403206962884,10.013329597193064,
-4.671226668048745,-69.89702530705965,-15.254560792377342,3.1989171040301025,67.43336716228387,9.895367861720697,
-4.599066085402947,-70.02184028937917,-15.066976318566285,3.146751917068905,67.47269542474396,9.77740612624833,
-4.526905075869965,-70.14665527169869,-14.879390137206494,3.0945865166641155,67.51202368720406,9.659444390775963,
-4.454744493224166,-70.27147025401821,-14.691805663395437,3.042421329702918,67.55135194966415,9.541482655303597,
-4.382583483691184,-70.39628523633772,-14.50422118958438,2.990255929298128,67.59068021212425,9.42352091983123,
-4.310422901045387,-70.52110704885219,-14.316635008224587,2.9380907423369305,67.63000847458434,9.30556003813323,
-4.238261891512405,-70.6459220311717,-14.129050534413532,2.885925555375733,67.66933673704445,9.187598302660863,
-4.166101308866606,-70.77073701349121,-13.941465206828108,2.833760154970943,67.70867182969948,9.069636567188496,
-4.0939402993336245,-70.89555199581073,-13.753879879242682,2.7815949680097454,67.74800009215957,8.95167483171613,
-4.021779716687826,-71.02036697813026,-13.566294551657258,2.729429567604956,67.78732835461967,8.833713096243763,
-3.949618707154844,-71.14518196044978,-13.378709224071834,2.6772643806437584,67.82665661707976,8.715751360771396,
-3.877457697621862,-71.27000377296423,-13.191124750260776,2.6250991936825607,67.86598487953987,8.59778962529903,
-3.805297114976064,-71.39481875528375,-13.003539422675352,2.572933793277771,67.90531314199995,8.47982874360103,
-3.7439214101393126,-71.49274326012751,-12.817804224144092,2.5314350229321425,67.97618324468942,8.34305665126602,
-3.682545705302561,-71.59066776497127,-12.632069025612832,2.4899360391429224,68.04705334737889,8.206285412705375,
-3.6211700004658094,-71.68859910000998,-12.44633468085594,2.4484370553537023,68.1179302802633,8.069514174144732,
-3.559794082185466,-71.78652360485374,-12.26059948232468,2.406938071564482,68.18880038295276,7.9327429355840895,
-3.4984183773487145,-71.8844481096975,-12.07486428379342,2.365439087775262,68.25967048564223,7.795971697023446,
-3.4370424590683712,-71.98237261454128,-11.889129939036527,2.323940317429634,68.3305405883317,7.659199604688435,
-3.3756667542316197,-72.08030394957997,-11.703394740505269,2.282441333640414,68.40141069102117,7.522428366127792,
-3.314291049394868,-72.17822845442373,-11.517659541974009,2.240942349851194,68.47228079371064,7.385657127567148,
-3.2529153445581165,-72.2761529592675,-11.331925197217116,2.199443366061973,68.5431508964001,7.248885889006505,
-3.191539426277773,-72.3740842943062,-11.146189998685855,2.1579445957163452,68.61402099908956,7.112114223558678,
-3.1301637214410216,-72.47200879914996,-10.960454800154595,2.116445611927125,68.68489793197398,6.975342558110851,
-3.06878801660427,-72.56993330399374,-10.774719601623335,2.074946628137905,68.75576803466345,6.838571319550208,
-3.007412311767519,-72.6678578088375,-10.588985256866444,2.033447644348685,68.8266381373529,6.7017996541023805,
-2.946036393487175,-72.76578914387619,-10.403250058335184,1.9919488740030564,68.89750824004237,6.565028415541737,
-2.8846606886504236,-72.86371364871997,-10.217514859803924,1.9504498902138363,68.96837834273184,6.428257176981094,
-2.8232849838136724,-72.96163815356373,-10.031780515047032,1.9089509064246162,69.03924844542131,6.291485511533267,
-2.761909278976921,-73.05956265840749,-9.846045316515772,1.867451922635396,69.11011854811078,6.154714272972623,
-2.7005333606965776,-73.1574939934462,-9.660310117984512,1.8259531522897676,69.18098865080024,6.017942607524796,
-2.639157655859826,-73.25541849828996,-9.474574919453252,1.7844541685005475,69.25186558368465,5.881171368964154,
-2.5777819510230744,-73.35334300313372,-9.288840574696358,1.7429551847113274,69.32273568637412,5.744399703516327,
-2.516406032742731,-73.45127433817242,-9.103105376165098,1.701456307643903,69.39360578906359,5.607628464955683,
-2.4550303279059795,-73.54919884301619,-8.917370177633838,1.659957323854683,69.46447589175305,5.470857226395039,
-2.393654623069228,-73.64712334785995,-8.731635832876947,1.6184583400654629,69.53534599444252,5.334085560947212,
-2.3322789182324764,-73.7450478527037,-8.545900634345687,1.5769594629980388,69.60621609713199,5.197314322386569,
-2.270902999952133,-73.84297918774242,-8.360165435814427,1.5354604792088187,69.67708619982146,5.060542656938742,
-2.2095272951153815,-73.94090369258618,-8.174431091057535,1.4939616021413944,69.74795630251091,4.923771418378099,
-2.14815159027863,-74.03882819742994,-7.988695892526274,1.4524626183521743,69.81883323539533,4.786999752930272,
-2.0867758854418783,-74.13675953246864,-7.802960693995015,1.41096374128475,69.8897033380848,4.650228514369629,
-2.025399967161535,-74.2346840373124,-7.617225495463755,1.3694647574955299,69.96057344077425,4.513456848921802,
-1.9640242623247834,-74.33260854215617,-7.431491150706862,1.3279658804281056,70.03144354346372,4.376685610361158,
-1.902648557488032,-74.43053304699993,-7.245755952175602,1.2864668966388855,70.10231364615319,4.239914371800515,
-1.8392269958233889,-74.53172921521958,-7.053830035706296,1.243584691652675,70.17554699629163,4.0985835512307505,
-1.7758053274369496,-74.63291855324431,-6.861903692349807,1.2007024866664646,70.24878034643008,3.95725315754817,
-1.7123836590505104,-74.73410789126902,-6.669977775880501,1.157820281680254,70.32201369656852,3.81592276386559,
-1.6489620973858672,-74.83529722929374,-6.478051432524011,1.1149379699722477,70.39524704670696,3.6745923701830097,
-1.5855404289994282,-74.93648656731845,-6.286125516054705,1.0720557649860372,70.46848039684541,3.5332617630568373,
-1.5221188673347847,-75.03768273553811,-6.094199172698215,1.0291735599998268,70.54171374698385,3.391931369374257,
-1.4586971989483457,-75.13887207356282,-5.902273256228909,0.9862913550136163,70.61494709712228,3.2506009756916763,
-1.3952756372837023,-75.24006141158755,-5.71034691287242,0.9434090433056099,70.68818044726072,3.1092703685655043,
-1.3318539688972633,-75.34125074961226,-5.518420996403114,0.9005268383193994,70.76141379739917,2.9679399748829236,
-1.26843240723262,-75.44244008763697,-5.3264950799338076,0.857644633333189,70.83464714753761,2.826609367756751,
-1.2050107388461808,-75.54362942566169,-5.134568736577318,0.8147623749860805,70.90788049767605,2.685278974074171,
-1.1415891771815376,-75.64482559388135,-4.942642820108012,0.7718801699998701,70.98111384781448,2.5439485803915907,
-1.0781675087950984,-75.74601493190606,-4.750716476751522,0.7289979116527616,71.05434719795294,2.4026179732654183,
-1.0147458404086593,-75.84720426993078,-4.558790560282216,0.6861157066665512,71.12758054809137,2.261287579582838,
-0.951324278744016,-75.9483936079555,-4.366864216925727,0.6432334483194427,71.20081389822981,2.1199571859002573,
-0.8879026637184748,-76.0495829459802,-4.174938300456421,0.6003512433332323,71.27404724836826,1.978626578774085,
-0.8244810486929336,-76.15077911419986,-3.983011957099931,0.5574689849861238,71.3472805985067,1.8372961850915048,
-0.7610594336673924,-76.25196845222459,-3.7910860406306255,0.5145867799999134,71.42051394864514,1.6959656846871285,
-0.6976378186418511,-76.3531577902493,-3.5991596972741355,0.47170452165280496,71.49374729878357,1.5546351842827522,
-0.63421620361631,-76.45434712827401,-3.40723378080483,0.4288223166665945,71.56698064892203,1.4133046838783756,
-0.5707945885907688,-76.55553646629873,-3.215307650891932,0.38594008499993504,71.64021399906046,1.2719742901957953,
-0.5073729202043297,-76.65673263451839,-3.0233815209790342,0.3430578533332756,71.7134473491989,1.130643789791419,
-0.4439513318592374,-76.7579219725431,-2.8314553910661364,0.30017562166661615,71.78668069933734,0.9893132893870425,
-0.3805297168336962,-76.85911131056783,-2.6395292611532386,0.2572933899999567,71.85991404947579,0.8479828423435642,
-0.317108101808155,-76.96030064859254,-2.4476033446839325,0.21441115833329724,71.93314739961423,0.7066523419391878,
-0.25368646010216483,-77.06148998661725,-2.2556772147710347,0.1715289266666378,72.00638074975267,0.5653218948957095,
-0.1902648584168481,-77.16267932464197,-2.063751084858137,0.12864669499997836,72.07961409989112,0.4239914211717821,
-0.12684323005108242,-77.26387549286163,-1.871824954945239,0.0857644633333189,72.15284745002955,0.28266094744785475,
-0.06342161502554121,-77.36506483088634,-1.6798988250323412,0.04288223166665945,72.22608080016799,0.14133047372392737,
0.0,-77.46625416891105,-1.4879726951194434,0.0,72.29931415030643,0.0,